|z| = 43
4 0 0.00238095238095
5 0 0.00238095238095
6 0 0.00238095238095
9 0 0.00238095238095
10 0 0.00238095238095
11 0 0.00238095238095
15 0 0.00238095238095
16 0 0.00238095238095
17 0 0.00238095238095
19 0 0.00238095238095
26 0 0.00238095238095
34 0 0.00238095238095
36 0 0.00238095238095
39 0 0.00238095238095
43 0 0.00238095238095
48 0 0.00238095238095
49 0 0.00238095238095
53 0 0.00238095238095
57 0 0.00238095238095
63 0 0.00238095238095
66 0 0.00238095238095
69 0 0.00238095238095
78 0 0.00238095238095
80 0 0.00238095238095
83 0 0.00238095238095
86 0 0.00238095238095
93 0 0.00238095238095
94 0 0.00238095238095
98 0 0.00238095238095
99 0 0.00238095238095
102 0 0.00238095238095
103 0 0.00238095238095
104 0 0.00238095238095
105 0 0.00238095238095
107 0 0.00238095238095
109 0 0.00238095238095
112 0 0.00238095238095
114 0 0.00238095238095
117 0 0.00238095238095
118 0 0.00238095238095
126 0 0.00238095238095
127 0 0.00238095238095
130 0 0.00238095238095
131 0 0.00238095238095
147 0 0.00238095238095
148 0 0.00238095238095
892 0 0.00238095238095
153 0 0.00238095238095
156 0 0.00238095238095
157 0 0.00238095238095
158 0 0.00238095238095
161 0 0.00238095238095
162 0 0.00238095238095
164 0 0.00238095238095
172 0 0.00238095238095
176 0 0.00238095238095
177 0 0.00238095238095
180 0 0.00238095238095
183 0 0.00238095238095
186 0 0.00238095238095
1119 0 0.00238095238095
195 0 0.00238095238095
199 0 0.00238095238095
200 0 0.00238095238095
204 0 0.00238095238095
205 0 0.00238095238095
208 0 0.00238095238095
217 0 0.00238095238095
221 0 0.00238095238095
227 0 0.00238095238095
231 0 0.00238095238095
234 0 0.00238095238095
238 0 0.00238095238095
239 0 0.00238095238095
216 0 0.00238095238095
242 0 0.00238095238095
243 0 0.00238095238095
247 0 0.00238095238095
249 0 0.00238095238095
250 0 0.00238095238095
252 0 0.00238095238095
254 0 0.00238095238095
295 0 0.00238095238095
257 0 0.00238095238095
260 0 0.00238095238095
261 0 0.00238095238095
265 0 0.00238095238095
270 0 0.00238095238095
275 0 0.00238095238095
278 0 0.00238095238095
284 0 0.00238095238095
288 0 0.00238095238095
289 0 0.00238095238095
292 0 0.00238095238095
293 0 0.00238095238095
296 0 0.00238095238095
298 0 0.00238095238095
299 0 0.00238095238095
300 0 0.00238095238095
302 0 0.00238095238095
304 0 0.00238095238095
310 0 0.00238095238095
314 0 0.00238095238095
316 0 0.00238095238095
317 0 0.00238095238095
321 0 0.00238095238095
322 0 0.00238095238095
325 0 0.00238095238095
326 0 0.00238095238095
328 0 0.00238095238095
336 0 0.00238095238095
341 0 0.00238095238095
342 0 0.00238095238095
343 0 0.00238095238095
345 0 0.00238095238095
346 0 0.00238095238095
347 0 0.00238095238095
349 0 0.00238095238095
351 0 0.00238095238095
352 0 0.00238095238095
362 0 0.00238095238095
366 0 0.00238095238095
370 0 0.00238095238095
371 0 0.00238095238095
373 0 0.00238095238095
376 0 0.00238095238095
1022 0 0.00238095238095
384 0 0.00238095238095
385 0 0.00238095238095
386 0 0.00238095238095
387 0 0.00238095238095
390 0 0.00238095238095
391 0 0.00238095238095
1100 0 0.00238095238095
396 0 0.00238095238095
1130 0 0.00238095238095
399 0 0.00238095238095
402 0 0.00238095238095
414 0 0.00238095238095
416 0 0.00238095238095
419 0 0.00238095238095
422 0 0.00238095238095
428 0 0.00238095238095
430 0 0.00238095238095
432 0 0.00238095238095
433 0 0.00238095238095
436 0 0.00238095238095
437 0 0.00238095238095
438 0 0.00238095238095
440 0 0.00238095238095
442 0 0.00238095238095
198 0 0.00238095238095
446 0 0.00238095238095
449 0 0.00238095238095
451 0 0.00238095238095
455 0 0.00238095238095
460 0 0.00238095238095
461 0 0.00238095238095
1097 0 0.00238095238095
480 0 0.00238095238095
483 0 0.00238095238095
486 0 0.00238095238095
487 0 0.00238095238095
489 0 0.00238095238095
490 0 0.00238095238095
492 0 0.00238095238095
494 0 0.00238095238095
499 0 0.00238095238095
503 0 0.00238095238095
504 0 0.00238095238095
505 0 0.00238095238095
508 0 0.00238095238095
509 0 0.00238095238095
512 0 0.00238095238095
513 0 0.00238095238095
515 0 0.00238095238095
518 0 0.00238095238095
906 0 0.00238095238095
524 0 0.00238095238095
530 0 0.00238095238095
531 0 0.00238095238095
532 0 0.00238095238095
535 0 0.00238095238095
538 0 0.00238095238095
540 0 0.00238095238095
544 0 0.00238095238095
911 0 0.00238095238095
552 0 0.00238095238095
560 0 0.00238095238095
561 0 0.00238095238095
563 0 0.00238095238095
567 0 0.00238095238095
570 0 0.00238095238095
575 0 0.00238095238095
579 0 0.00238095238095
580 0 0.00238095238095
584 0 0.00238095238095
585 0 0.00238095238095
586 0 0.00238095238095
588 0 0.00238095238095
592 0 0.00238095238095
595 0 0.00238095238095
600 0 0.00238095238095
609 0 0.00238095238095
612 0 0.00238095238095
618 0 0.00238095238095
619 0 0.00238095238095
622 0 0.00238095238095
626 0 0.00238095238095
627 0 0.00238095238095
628 0 0.00238095238095
629 0 0.00238095238095
631 0 0.00238095238095
633 0 0.00238095238095
635 0 0.00238095238095
638 0 0.00238095238095
724 0 0.00238095238095
648 0 0.00238095238095
649 0 0.00238095238095
652 0 0.00238095238095
656 0 0.00238095238095
666 0 0.00238095238095
670 0 0.00238095238095
671 0 0.00238095238095
672 0 0.00238095238095
675 0 0.00238095238095
677 0 0.00238095238095
681 0 0.00238095238095
689 0 0.00238095238095
691 0 0.00238095238095
694 0 0.00238095238095
698 0 0.00238095238095
701 0 0.00238095238095
705 0 0.00238095238095
564 0 0.00238095238095
714 0 0.00238095238095
716 0 0.00238095238095
717 0 0.00238095238095
719 0 0.00238095238095
720 0 0.00238095238095
723 0 0.00238095238095
1172 0 0.00238095238095
725 0 0.00238095238095
726 0 0.00238095238095
728 0 0.00238095238095
736 0 0.00238095238095
740 0 0.00238095238095
744 0 0.00238095238095
746 0 0.00238095238095
750 0 0.00238095238095
753 0 0.00238095238095
757 0 0.00238095238095
758 0 0.00238095238095
763 0 0.00238095238095
767 0 0.00238095238095
771 0 0.00238095238095
774 0 0.00238095238095
778 0 0.00238095238095
781 0 0.00238095238095
782 0 0.00238095238095
786 0 0.00238095238095
795 0 0.00238095238095
798 0 0.00238095238095
806 0 0.00238095238095
809 0 0.00238095238095
810 0 0.00238095238095
811 0 0.00238095238095
813 0 0.00238095238095
814 0 0.00238095238095
815 0 0.00238095238095
816 0 0.00238095238095
818 0 0.00238095238095
820 0 0.00238095238095
821 0 0.00238095238095
822 0 0.00238095238095
824 0 0.00238095238095
827 0 0.00238095238095
832 0 0.00238095238095
836 0 0.00238095238095
837 0 0.00238095238095
841 0 0.00238095238095
842 0 0.00238095238095
845 0 0.00238095238095
846 0 0.00238095238095
851 0 0.00238095238095
855 0 0.00238095238095
229 0 0.00238095238095
860 0 0.00238095238095
864 0 0.00238095238095
865 0 0.00238095238095
868 0 0.00238095238095
869 0 0.00238095238095
871 0 0.00238095238095
881 0 0.00238095238095
884 0 0.00238095238095
888 0 0.00238095238095
889 0 0.00238095238095
891 0 0.00238095238095
895 0 0.00238095238095
898 0 0.00238095238095
903 0 0.00238095238095
521 0 0.00238095238095
907 0 0.00238095238095
908 0 0.00238095238095
551 0 0.00238095238095
912 0 0.00238095238095
913 0 0.00238095238095
915 0 0.00238095238095
918 0 0.00238095238095
922 0 0.00238095238095
926 0 0.00238095238095
932 0 0.00238095238095
935 0 0.00238095238095
939 0 0.00238095238095
945 0 0.00238095238095
947 0 0.00238095238095
949 0 0.00238095238095
950 0 0.00238095238095
953 0 0.00238095238095
954 0 0.00238095238095
955 0 0.00238095238095
956 0 0.00238095238095
958 0 0.00238095238095
961 0 0.00238095238095
964 0 0.00238095238095
965 0 0.00238095238095
973 0 0.00238095238095
975 0 0.00238095238095
978 0 0.00238095238095
982 0 0.00238095238095
989 0 0.00238095238095
994 0 0.00238095238095
996 0 0.00238095238095
997 0 0.00238095238095
998 0 0.00238095238095
999 0 0.00238095238095
1003 0 0.00238095238095
1005 0 0.00238095238095
1007 0 0.00238095238095
1013 0 0.00238095238095
1017 0 0.00238095238095
1018 0 0.00238095238095
1019 0 0.00238095238095
1023 0 0.00238095238095
1024 0 0.00238095238095
1027 0 0.00238095238095
1030 0 0.00238095238095
472 0 0.00238095238095
1034 0 0.00238095238095
1038 0 0.00238095238095
1044 0 0.00238095238095
1045 0 0.00238095238095
1046 0 0.00238095238095
1049 0 0.00238095238095
1050 0 0.00238095238095
1052 0 0.00238095238095
1057 0 0.00238095238095
1064 0 0.00238095238095
1068 0 0.00238095238095
1071 0 0.00238095238095
1072 0 0.00238095238095
1074 0 0.00238095238095
1077 0 0.00238095238095
1081 0 0.00238095238095
1085 0 0.00238095238095
1086 0 0.00238095238095
1090 0 0.00238095238095
1091 0 0.00238095238095
1092 0 0.00238095238095
1096 0 0.00238095238095
427 0 0.00238095238095
1099 0 0.00238095238095
1103 0 0.00238095238095
1106 0 0.00238095238095
1107 0 0.00238095238095
1111 0 0.00238095238095
1115 0 0.00238095238095
1117 0 0.00238095238095
1121 0 0.00238095238095
1124 0 0.00238095238095
1131 0 0.00238095238095
1132 0 0.00238095238095
1133 0 0.00238095238095
1135 0 0.00238095238095
1136 0 0.00238095238095
1139 0 0.00238095238095
1140 0 0.00238095238095
1141 0 0.00238095238095
1142 0 0.00238095238095
1146 0 0.00238095238095
1148 0 0.00238095238095
761 0 0.00238095238095
1151 0 0.00238095238095
1154 0 0.00238095238095
1155 0 0.00238095238095
1159 0 0.00238095238095
1164 0 0.00238095238095
1165 0 0.00238095238095
1169 0 0.00238095238095
110 0 0.00238095238095
1178 0 0.00238095238095
1179 0 0.00238095238095
1182 0 0.00238095238095
1186 0 0.00238095238095
1187 0 0.00238095238095
1188 0 0.00238095238095
1189 0 0.00238095238095
1190 0 0.00238095238095
1192 0 0.00238095238095
1194 0 0.00238095238095
1196 0 0.00238095238095
1204 0 0.00238095238095
1205 0 0.00238095238095
1209 0 0.00238095238095
1210 0 0.00238095238095
1211 0 0.00238095238095
1214 0 0.00238095238095
1215 0 0.00238095238095
1217 0 0.00238095238095
1221 0 0.00238095238095
193 1 0.0666666666667
690 1 0.0666666666667
196 1 0.0666666666667
880 1 0.0666666666667
772 1 0.0666666666667
1048 1 0.0666666666667
429 1 0.0666666666667
679 1 0.0666666666667
838 1 0.0666666666667
488 1 0.0666666666667
866 1 0.0666666666667
859 1 0.0666666666667
623 1 0.0666666666667
225 1 0.0666666666667
30 1 0.0666666666667
930 2 0.0666666666667
904 2 0.0666666666667
159 2 0.0666666666667
1001 2 0.0666666666667
61 2 0.0666666666667
946 2 0.0666666666667
152 2 0.0666666666667
479 2 0.0666666666667
539 2 0.0666666666667
534 2 0.0666666666667
128 2 0.0666666666667
556 2 0.0666666666667
132 2 0.0666666666667
70 2 0.0666666666667
315 2 0.0666666666667
1 131 0.0111111111111
624 131 0.0111111111111
634 131 0.0111111111111
18 131 0.0111111111111
21 131 0.0111111111111
941 131 0.0111111111111
338 131 0.0111111111111
951 131 0.0111111111111
350 131 0.0111111111111
960 131 0.0111111111111
355 131 0.0111111111111
357 131 0.0111111111111
44 131 0.0111111111111
667 131 0.0111111111111
54 131 0.0111111111111
674 131 0.0111111111111
678 131 0.0111111111111
62 131 0.0111111111111
65 131 0.0111111111111
682 131 0.0111111111111
684 131 0.0111111111111
381 131 0.0111111111111
1062 131 0.0111111111111
519 131 0.0111111111111
1000 131 0.0111111111111
1004 131 0.0111111111111
398 131 0.0111111111111
401 131 0.0111111111111
1008 131 0.0111111111111
710 131 0.0111111111111
100 131 0.0111111111111
108 131 0.0111111111111
727 131 0.0111111111111
730 131 0.0111111111111
424 131 0.0111111111111
1040 131 0.0111111111111
434 131 0.0111111111111
320 131 0.0111111111111
441 131 0.0111111111111
445 131 0.0111111111111
1056 131 0.0111111111111
1059 131 0.0111111111111
754 131 0.0111111111111
764 131 0.0111111111111
768 131 0.0111111111111
47 131 0.0111111111111
984 131 0.0111111111111
160 131 0.0111111111111
165 131 0.0111111111111
167 131 0.0111111111111
1082 131 0.0111111111111
450 131 0.0111111111111
491 131 0.0111111111111
1098 131 0.0111111111111
1102 131 0.0111111111111
495 131 0.0111111111111
497 131 0.0111111111111
190 131 0.0111111111111
589 131 0.0111111111111
819 131 0.0111111111111
207 131 0.0111111111111
210 131 0.0111111111111
1127 131 0.0111111111111
525 131 0.0111111111111
1137 131 0.0111111111111
1147 131 0.0111111111111
1150 131 0.0111111111111
543 131 0.0111111111111
546 131 0.0111111111111
235 131 0.0111111111111
244 131 0.0111111111111
867 131 0.0111111111111
256 131 0.0111111111111
872 131 0.0111111111111
875 131 0.0111111111111
571 131 0.0111111111111
1143 131 0.0111111111111
1009 131 0.0111111111111
1193 131 0.0111111111111
587 131 0.0111111111111
591 131 0.0111111111111
1197 131 0.0111111111111
1199 131 0.0111111111111
899 131 0.0111111111111
290 131 0.0111111111111
297 131 0.0111111111111
301 131 0.0111111111111
914 131 0.0111111111111
917 131 0.0111111111111
305 131 0.0111111111111
484 4 0.0666666666667
673 4 0.0666666666667
332 4 0.0666666666667
1053 4 0.0666666666667
294 4 0.0666666666667
653 4 0.0666666666667
467 4 0.0666666666667
397 4 0.0666666666667
410 4 0.0666666666667
14 4 0.0666666666667
604 4 0.0666666666667
392 4 0.0666666666667
596 4 0.0666666666667
1206 4 0.0666666666667
993 4 0.0666666666667
58 135 0.333333333333
632 135 0.333333333333
1191 135 0.333333333333
59 8 0.0666666666667
542 8 0.0666666666667
0 8 0.0666666666667
828 8 0.0666666666667
459 8 0.0666666666667
910 8 0.0666666666667
606 8 0.0666666666667
885 8 0.0666666666667
474 8 0.0666666666667
536 8 0.0666666666667
902 8 0.0666666666667
52 8 0.0666666666667
154 8 0.0666666666667
136 8 0.0666666666667
74 8 0.0666666666667
113 139 0.333333333333
957 139 0.333333333333
149 139 0.333333333333
307 14 0.00645161290323
308 14 0.00645161290323
309 14 0.00645161290323
621 14 0.00645161290323
924 14 0.00645161290323
925 14 0.00645161290323
8 14 0.00645161290323
319 14 0.00645161290323
330 14 0.00645161290323
20 14 0.00645161290323
22 14 0.00645161290323
943 14 0.00645161290323
335 14 0.00645161290323
640 14 0.00645161290323
641 14 0.00645161290323
642 14 0.00645161290323
28 14 0.00645161290323
29 14 0.00645161290323
344 14 0.00645161290323
651 14 0.00645161290323
37 14 0.00645161290323
659 14 0.00645161290323
358 14 0.00645161290323
759 14 0.00645161290323
966 14 0.00645161290323
967 14 0.00645161290323
968 14 0.00645161290323
364 14 0.00645161290323
365 14 0.00645161290323
374 14 0.00645161290323
64 14 0.00645161290323
986 14 0.00645161290323
380 14 0.00645161290323
683 14 0.00645161290323
685 14 0.00645161290323
383 14 0.00645161290323
992 14 0.00645161290323
71 14 0.00645161290323
72 14 0.00645161290323
389 14 0.00645161290323
693 14 0.00645161290323
394 14 0.00645161290323
702 14 0.00645161290323
88 14 0.00645161290323
90 14 0.00645161290323
708 14 0.00645161290323
1010 14 0.00645161290323
1011 14 0.00645161290323
1012 14 0.00645161290323
409 14 0.00645161290323
718 14 0.00645161290323
1021 14 0.00645161290323
1031 14 0.00645161290323
1032 14 0.00645161290323
729 14 0.00645161290323
731 14 0.00645161290323
426 14 0.00645161290323
1037 14 0.00645161290323
119 14 0.00645161290323
120 14 0.00645161290323
431 14 0.00645161290323
738 14 0.00645161290323
739 14 0.00645161290323
141 14 0.00645161290323
1047 14 0.00645161290323
770 14 0.00645161290323
748 14 0.00645161290323
444 14 0.00645161290323
139 14 0.00645161290323
1058 14 0.00645161290323
1060 14 0.00645161290323
97 14 0.00645161290323
145 14 0.00645161290323
452 14 0.00645161290323
453 14 0.00645161290323
454 14 0.00645161290323
760 14 0.00645161290323
1066 14 0.00645161290323
1067 14 0.00645161290323
155 14 0.00645161290323
1075 14 0.00645161290323
470 14 0.00645161290323
166 14 0.00645161290323
168 14 0.00645161290323
1084 14 0.00645161290323
477 14 0.00645161290323
783 14 0.00645161290323
784 14 0.00645161290323
1089 14 0.00645161290323
175 14 0.00645161290323
1094 14 0.00645161290323
184 14 0.00645161290323
1101 14 0.00645161290323
800 14 0.00645161290323
802 14 0.00645161290323
189 14 0.00645161290323
496 14 0.00645161290323
498 14 0.00645161290323
808 14 0.00645161290323
1110 14 0.00645161290323
197 14 0.00645161290323
507 14 0.00645161290323
516 14 0.00645161290323
209 14 0.00645161290323
211 14 0.00645161290323
1129 14 0.00645161290323
523 14 0.00645161290323
829 14 0.00645161290323
831 14 0.00645161290323
1134 14 0.00645161290323
219 14 0.00645161290323
220 14 0.00645161290323
732 14 0.00645161290323
533 14 0.00645161290323
840 14 0.00645161290323
1149 14 0.00645161290323
545 14 0.00645161290323
547 14 0.00645161290323
980 14 0.00645161290323
854 14 0.00645161290323
1156 14 0.00645161290323
1157 14 0.00645161290323
241 14 0.00645161290323
554 14 0.00645161290323
555 14 0.00645161290323
862 14 0.00645161290323
1167 14 0.00645161290323
565 14 0.00645161290323
255 14 0.00645161290323
1175 14 0.00645161290323
874 14 0.00645161290323
876 14 0.00645161290323
573 14 0.00645161290323
1181 14 0.00645161290323
262 14 0.00645161290323
264 14 0.00645161290323
578 14 0.00645161290323
883 14 0.00645161290323
583 14 0.00645161290323
893 14 0.00645161290323
590 14 0.00645161290323
281 14 0.00645161290323
1198 14 0.00645161290323
1200 14 0.00645161290323
901 14 0.00645161290323
287 14 0.00645161290323
598 14 0.00645161290323
599 14 0.00645161290323
905 14 0.00645161290323
1208 14 0.00645161290323
1218 14 0.00645161290323
916 14 0.00645161290323
614 14 0.00645161290323
616 14 0.00645161290323
1224 14 0.00645161290323
920 143 0.03125
163 143 0.03125
549 143 0.03125
780 143 0.03125
1006 143 0.03125
170 143 0.03125
1177 143 0.03125
870 143 0.03125
24 143 0.03125
259 143 0.03125
106 143 0.03125
493 143 0.03125
878 143 0.03125
1105 143 0.03125
116 143 0.03125
353 143 0.03125
734 143 0.03125
963 143 0.03125
1195 143 0.03125
360 143 0.03125
594 143 0.03125
826 143 0.03125
1054 143 0.03125
214 143 0.03125
448 143 0.03125
680 143 0.03125
212 143 0.03125
68 143 0.03125
1145 143 0.03125
303 143 0.03125
687 143 0.03125
541 143 0.03125
1002 16 0.0666666666667
272 16 0.0666666666667
861 16 0.0666666666667
201 16 0.0666666666667
194 16 0.0666666666667
709 16 0.0666666666667
769 16 0.0666666666667
1055 16 0.0666666666667
367 16 0.0666666666667
762 16 0.0666666666667
1163 16 0.0666666666667
142 16 0.0666666666667
181 16 0.0666666666667
122 16 0.0666666666667
306 16 0.0666666666667
253 147 0.333333333333
856 147 0.333333333333
823 147 0.333333333333
1219 30 0.2
785 30 0.2
1109 30 0.2
948 30 0.2
400 30 0.2
637 159 1.0
60 32 0.0666666666667
354 32 0.0666666666667
639 32 0.0666666666667
443 32 0.0666666666667
695 32 0.0666666666667
643 32 0.0666666666667
1039 32 0.0666666666667
661 32 0.0666666666667
699 32 0.0666666666667
721 32 0.0666666666667
647 32 0.0666666666667
620 32 0.0666666666667
1095 32 0.0666666666667
792 32 0.0666666666667
715 32 0.0666666666667
777 163 0.333333333333
773 163 0.333333333333
1183 163 0.333333333333
408 46 0.2
356 46 0.2
703 46 0.2
73 46 0.2
51 46 0.2
1153 175 1.0
617 56 0.010752688172
927 56 0.010752688172
931 56 0.010752688172
327 56 0.010752688172
936 56 0.010752688172
331 56 0.010752688172
31 56 0.010752688172
35 56 0.010752688172
654 56 0.010752688172
660 56 0.010752688172
665 56 0.010752688172
974 56 0.010752688172
368 56 0.010752688172
977 56 0.010752688172
372 56 0.010752688172
979 56 0.010752688172
375 56 0.010752688172
983 56 0.010752688172
987 56 0.010752688172
75 56 0.010752688172
79 56 0.010752688172
696 56 0.010752688172
82 56 0.010752688172
84 56 0.010752688172
704 56 0.010752688172
87 56 0.010752688172
91 56 0.010752688172
92 56 0.010752688172
713 56 0.010752688172
411 56 0.010752688172
415 56 0.010752688172
418 56 0.010752688172
1029 56 0.010752688172
420 56 0.010752688172
1033 56 0.010752688172
1043 56 0.010752688172
741 56 0.010752688172
745 56 0.010752688172
749 56 0.010752688172
140 56 0.010752688172
146 56 0.010752688172
1069 56 0.010752688172
463 56 0.010752688172
1073 56 0.010752688172
465 56 0.010752688172
1076 56 0.010752688172
468 56 0.010752688172
471 56 0.010752688172
478 56 0.010752688172
787 56 0.010752688172
791 56 0.010752688172
178 56 0.010752688172
794 56 0.010752688172
182 56 0.010752688172
796 56 0.010752688172
185 56 0.010752688172
799 56 0.010752688172
803 56 0.010752688172
805 56 0.010752688172
1112 56 0.010752688172
1116 56 0.010752688172
510 56 0.010752688172
1120 56 0.010752688172
1122 56 0.010752688172
517 56 0.010752688172
1125 56 0.010752688172
528 56 0.010752688172
222 56 0.010752688172
226 56 0.010752688172
843 56 0.010752688172
847 56 0.010752688172
850 56 0.010752688172
557 56 0.010752688172
1168 56 0.010752688172
562 56 0.010752688172
566 56 0.010752688172
1173 56 0.010752688172
1176 56 0.010752688172
271 56 0.010752688172
886 56 0.010752688172
274 56 0.010752688172
890 56 0.010752688172
276 56 0.010752688172
894 56 0.010752688172
279 56 0.010752688172
282 56 0.010752688172
601 56 0.010752688172
605 56 0.010752688172
1212 56 0.010752688172
1216 56 0.010752688172
610 56 0.010752688172
1220 56 0.010752688172
613 56 0.010752688172
137 57 0.333333333333
608 57 0.333333333333
323 57 0.333333333333
934 58 0.333333333333
657 58 0.333333333333
1025 58 0.333333333333
1170 60 0.333333333333
514 60 0.333333333333
230 60 0.333333333333
233 62 0.030303030303
466 62 0.030303030303
853 62 0.030303030303
1080 62 0.030303030303
85 62 0.030303030303
476 62 0.030303030303
707 62 0.030303030303
1088 62 0.030303030303
938 62 0.030303030303
334 62 0.030303030303
569 62 0.030303030303
797 62 0.030303030303
1180 62 0.030303030303
188 62 0.030303030303
577 62 0.030303030303
421 62 0.030303030303
655 62 0.030303030303
1036 62 0.030303030303
42 62 0.030303030303
277 62 0.030303030303
663 62 0.030303030303
897 62 0.030303030303
1123 62 0.030303030303
286 62 0.030303030303
135 62 0.030303030303
522 62 0.030303030303
752 62 0.030303030303
981 62 0.030303030303
144 62 0.030303030303
379 62 0.030303030303
991 62 0.030303030303
1223 62 0.030303030303
388 62 0.030303030303
1171 63 1.0
406 64 0.0666666666667
574 64 0.0666666666667
581 64 0.0666666666667
337 64 0.0666666666667
790 64 0.0666666666667
969 64 0.0666666666667
464 64 0.0666666666667
203 64 0.0666666666667
1028 64 0.0666666666667
520 64 0.0666666666667
206 64 0.0666666666667
863 64 0.0666666666667
485 64 0.0666666666667
395 64 0.0666666666667
173 64 0.0666666666667
248 195 0.333333333333
404 195 0.333333333333
630 195 0.333333333333
1158 78 0.2
96 78 0.2
849 78 0.2
776 78 0.2
263 78 0.2
817 207 1.0
38 120 0.333333333333
133 120 0.333333333333
700 120 0.333333333333
121 15 0.2
664 15 0.2
959 15 0.2
830 15 0.2
804 15 0.2
921 224 0.00645161290323
2 224 0.00645161290323
311 224 0.00645161290323
312 224 0.00645161290323
625 224 0.00645161290323
928 224 0.00645161290323
929 224 0.00645161290323
12 224 0.00645161290323
324 224 0.00645161290323
329 224 0.00645161290323
636 224 0.00645161290323
942 224 0.00645161290323
23 224 0.00645161290323
25 224 0.00645161290323
339 224 0.00645161290323
340 224 0.00645161290323
644 224 0.00645161290323
952 224 0.00645161290323
32 224 0.00645161290323
33 224 0.00645161290323
348 224 0.00645161290323
40 224 0.00645161290323
658 224 0.00645161290323
962 224 0.00645161290323
45 224 0.00645161290323
46 224 0.00645161290323
359 224 0.00645161290323
361 224 0.00645161290323
668 224 0.00645161290323
669 224 0.00645161290323
970 224 0.00645161290323
972 224 0.00645161290323
55 224 0.00645161290323
56 224 0.00645161290323
369 224 0.00645161290323
377 224 0.00645161290323
985 224 0.00645161290323
67 224 0.00645161290323
988 224 0.00645161290323
382 224 0.00645161290323
686 224 0.00645161290323
76 224 0.00645161290323
77 224 0.00645161290323
393 224 0.00645161290323
697 224 0.00645161290323
403 224 0.00645161290323
405 224 0.00645161290323
711 224 0.00645161290323
712 224 0.00645161290323
1014 224 0.00645161290323
1016 224 0.00645161290323
412 224 0.00645161290323
413 224 0.00645161290323
722 224 0.00645161290323
1026 224 0.00645161290323
115 224 0.00645161290323
425 224 0.00645161290323
733 224 0.00645161290323
735 224 0.00645161290323
1041 224 0.00645161290323
1042 224 0.00645161290323
123 224 0.00645161290323
124 224 0.00645161290323
435 224 0.00645161290323
742 224 0.00645161290323
743 224 0.00645161290323
1051 224 0.00645161290323
439 224 0.00645161290323
134 224 0.00645161290323
447 224 0.00645161290323
755 224 0.00645161290323
756 224 0.00645161290323
1061 224 0.00645161290323
1063 224 0.00645161290323
150 224 0.00645161290323
151 224 0.00645161290323
456 224 0.00645161290323
458 224 0.00645161290323
765 224 0.00645161290323
1070 224 0.00645161290323
1078 224 0.00645161290323
469 224 0.00645161290323
473 224 0.00645161290323
1083 224 0.00645161290323
169 224 0.00645161290323
171 224 0.00645161290323
481 224 0.00645161290323
482 224 0.00645161290323
788 224 0.00645161290323
789 224 0.00645161290323
1093 224 0.00645161290323
179 224 0.00645161290323
1104 224 0.00645161290323
191 224 0.00645161290323
192 224 0.00645161290323
500 224 0.00645161290323
501 224 0.00645161290323
502 224 0.00645161290323
812 224 0.00645161290323
1113 224 0.00645161290323
1114 224 0.00645161290323
202 224 0.00645161290323
511 224 0.00645161290323
1128 224 0.00645161290323
215 224 0.00645161290323
526 224 0.00645161290323
527 224 0.00645161290323
833 224 0.00645161290323
834 224 0.00645161290323
835 224 0.00645161290323
1138 224 0.00645161290323
223 224 0.00645161290323
224 224 0.00645161290323
537 224 0.00645161290323
1144 224 0.00645161290323
844 224 0.00645161290323
848 224 0.00645161290323
237 224 0.00645161290323
550 224 0.00645161290323
857 224 0.00645161290323
858 224 0.00645161290323
1160 224 0.00645161290323
1161 224 0.00645161290323
1162 224 0.00645161290323
245 224 0.00645161290323
246 224 0.00645161290323
558 224 0.00645161290323
559 224 0.00645161290323
251 224 0.00645161290323
1174 224 0.00645161290323
258 224 0.00645161290323
572 224 0.00645161290323
877 224 0.00645161290323
879 224 0.00645161290323
1184 224 0.00645161290323
1185 224 0.00645161290323
267 224 0.00645161290323
268 224 0.00645161290323
269 224 0.00645161290323
582 224 0.00645161290323
887 224 0.00645161290323
280 224 0.00645161290323
593 224 0.00645161290323
283 224 0.00645161290323
900 224 0.00645161290323
1201 224 0.00645161290323
1202 224 0.00645161290323
1203 224 0.00645161290323
291 224 0.00645161290323
602 224 0.00645161290323
603 224 0.00645161290323
909 224 0.00645161290323
1213 224 0.00645161290323
615 224 0.00645161290323
919 224 0.00645161290323
313 225 0.2
138 225 0.2
1015 225 0.2
3 225 0.2
779 225 0.2
232 227 0.03125
529 227 0.03125
852 227 0.03125
1079 227 0.03125
240 227 0.03125
706 227 0.03125
1087 227 0.03125
937 227 0.03125
95 227 0.03125
825 227 0.03125
333 227 0.03125
568 227 0.03125
775 227 0.03125
944 227 0.03125
187 227 0.03125
576 227 0.03125
807 227 0.03125
1035 227 0.03125
41 227 0.03125
111 227 0.03125
266 227 0.03125
662 227 0.03125
896 227 0.03125
50 227 0.03125
7 227 0.03125
751 227 0.03125
676 227 0.03125
143 227 0.03125
378 227 0.03125
873 227 0.03125
990 227 0.03125
1222 227 0.03125
101 228 0.2
236 228 0.2
1152 228 0.2
688 228 0.2
645 228 0.2
475 231 1.0
89 232 0.2
995 232 0.2
548 232 0.2
971 232 0.2
646 232 0.2
13 235 1.0
766 240 0.2
213 240 0.2
801 240 0.2
457 240 0.2
125 240 0.2
285 243 1.0
692 248 0.030303030303
923 248 0.030303030303
81 248 0.030303030303
318 248 0.030303030303
553 248 0.030303030303
933 248 0.030303030303
1166 248 0.030303030303
174 248 0.030303030303
940 248 0.030303030303
407 248 0.030303030303
793 248 0.030303030303
1020 248 0.030303030303
27 248 0.030303030303
417 248 0.030303030303
650 248 0.030303030303
882 248 0.030303030303
423 248 0.030303030303
1108 248 0.030303030303
273 248 0.030303030303
506 248 0.030303030303
737 248 0.030303030303
1118 248 0.030303030303
363 248 0.030303030303
747 248 0.030303030303
1126 248 0.030303030303
597 248 0.030303030303
1207 248 0.030303030303
218 248 0.030303030303
607 248 0.030303030303
839 248 0.030303030303
1065 248 0.030303030303
228 248 0.030303030303
462 248 0.030303030303
129 249 1.0
976 252 1.0
611 126 1.0
